Date, WSSC - Patuxent reservoirs current usable storage (BG), WSSC - Little Reservoir current usable storage (BG), FW - Occoquan Reservoir current usable storage (BG), USACE - Jennings Randolph Reservoir current usable storage (BG), USACE - Jennings Randolph Reservoir water supply storage (BG), USACE - Savage Reservoir current usable storage (BG)
2026-03-28, 7.63, 3.84, 8.2668, 28.483856538173, 13.1, 4.613
2026-03-29, 7.64, 3.85, 8.2844, 28.552156538173, 13.1, 4.653
2026-03-30, 7.65, 3.85, 8.28, 28.801156538173, 13.1, 4.655
2026-03-31, 7.66, 3.86, 8.2844, 28.885356538173, 13.1, 4.624
2026-04-01, 7.69, 3.84, 8.2888, 28.920156538173, 13.1, 4.609
2026-04-02, 7.74, 3.82, 8.3592, 28.934656538173, 13.1, 4.603
2026-04-03, 7.75, 3.8, 8.3548, 29.059356538173, 13.1, 4.586
2026-04-04, 7.77, 3.8, 8.3416, 28.978156538173, 13.1, 4.592
2026-04-05, 7.81, 3.8, 8.324, 28.882456538173, 13.1, 4.621
2026-04-06, 7.84, 3.81, 8.346, 28.989756538173, 13.1, 4.635
2026-04-07, 7.85, 3.81, 8.324, 29.047756538173, 13.1, 4.638
2026-04-08, 7.85, 3.8, 8.302, 29.047756538173, 13.1, 4.637
2026-04-09, 7.86, 3.8, 8.28, 29.047756538173, 13.1, 4.634
2026-04-10, 7.87, 3.8, 8.2316, 29.030356538173, 13.1, 4.627
2026-04-11, 7.87, 3.8, 8.2668, 28.954956538173, 13.1, 4.623
2026-04-12, 7.89, 3.79, 8.258, 28.943356538173, 13.1, 4.618
2026-04-13, 7.9, 3.79, 8.2624, 28.925956538173, 13.1, 4.611
2026-04-14, 7.91, 3.79, 8.2624, 29.007156538173, 13.1, 4.601
2026-04-15, 7.91, 3.79, 8.258, 28.981056538173, 13.1, 4.591
2026-04-16, 7.92, 3.79, 8.2448, 28.943356538173, 13.1, 4.583
2026-04-17, 7.93, 3.79, 8.2404, 28.905656538173, 13.1, 4.575
2026-04-18, 7.91, 3.79, 8.2184, 28.681156538173, 13.1, 4.565
2026-04-19, 7.92, 3.79, 8.2052, 28.504156538173, 13.1, 4.555
2026-04-20, 7.9, 3.78, 8.192, 28.475156538173, 13.1, 4.543
2026-04-21, 7.89, 3.78, 8.2052, 28.486756538173, 13.1, 4.535
2026-04-22, 7.9, 3.78, 8.214, 28.405556538173, 13.1, 4.532
2026-04-23, 7.91, 3.78, 8.2184, 28.364956538173, 13.1, 4.532
2026-04-24, 7.9, 3.78, 8.2096, 28.324356538173, 13.1, 4.522
2026-04-25, 7.89, 3.78, 8.2008, 28.266356538173, 13.1, 4.517
2026-04-26, 7.91, 3.78, 8.2052, 28.231556538173, 13.1, 4.516
2026-04-27, 7.9, 3.78, 8.2096, 28.190956538173, 13.1, 4.508
2026-04-28, 7.89, 3.78, 8.2052, 28.150356538173, 13.1, 4.503
2026-04-29, 7.9, 3.78, 8.2052, 28.243156538173, 13.1, 4.513
2026-04-30, 7.92, 3.8, 8.2184, 28.558156538173, 13.1, 4.655
2026-05-01, 7.93, 3.8, 0, 28.720156538173, 13.1, 4.777
2026-05-02, 7.92, 3.8, 0, 28.618156538173, 13.1, 4.863
2026-05-03, 7.93, 3.8, 8.2052, 28.654156538173, 13.1, 4.924
2026-05-04, 7.9, 3.8, 5.578, 28.690156538173, 13.1, 4.967
2026-05-05, 7.89, 3.8, 8.2008, 28.663156538173, 13.1, 5
2026-05-06, 8.08, 3.8, 8.1964, 28.684156538173, 13.1, 5.0287
2026-05-07, 7.88, 3.8, 8.2184, 28.744156538173, 13.1, 5.0485
2026-05-08, 7.87, 3.8, 8.2228, 28.729156538173, 13.1, 5.0584
2026-05-09, 7.86, 3.8, 8.214, 28.690156538173, 13.1, 5.0639
2026-05-10, 7.85, 3.8, 8.2096, 28.672156538173, 13.1, 5.0683
2026-05-11, 7.85, 3.8, 8.2184, 28.618156538173, 13.1, 5.065
2026-05-12, 7.84, 3.8, 8.2228, 28.588156538173, 13.1, 5.0573
2026-05-13, 7.82, 3.8, 8.2184, 28.573156538173, 13.1, 5.054
2026-05-14, 7.84, 3.8, 8.2404, 28.501256538173, 13.1, 5.0518
2026-05-15, 7.83, 3.8, 8.2536, 28.498356538173, 13.1, 5.0441
2026-05-16, 7.82, 3.8, 8.2448, 28.225756538173, 13.1, 5.0353
2026-05-17, 7.81, 3.8, 8.236, 28.219956538173, 13.1, 5.0232
2026-05-18, 7.8, 3.8, 8.2184, 28.170656538173, 13.1, 5.0111
2026-05-19, 7.79, 3.8, 8.2052, 28.283756538173, 13.1, 4.997
2026-05-20, 7.74, 3.79, 8.1964, 28.318556538173, 13.1, 4.988
2026-05-21, 7.75, 3.81, 8.236, 28.344656538173, 13.1, 4.989
2026-05-22, 7.77, 3.81, 8.302, 28.434556538173, 13.1, 5.0166
2026-05-23, 0.21, 3.84, 8.4252, 29.550156538173, 13.1, 5.4675
2026-05-24, 4.41, 3.87, 8.8262, 30.180156538173, 13.1, 5.8772
2026-05-25, 4.43, 3.87, 8.7181, 31.949356538173, 13.1, 6.49
2026-05-26, 8.46, 3.87, 8.5, 31.635756538173, 13.1, 6.3776
2026-05-27, 8.51, 3.87, 8.456, 31.263756538173, 13.1, 6.552
2026-05-28, 8.58, 3.87, 8.544, 30.886156538173, 13.1, 6.406
2026-05-29, 8.58, 3.84, 8.4912, 30.228156538173, 13.1, 6.2754
2026-05-30, 8.59, 3.8, 8.3988, 29.748156538173, 13.1, 6.0404
2026-05-31, 8.58, 3.78, 8.3548, 29.442156538173, 13.1, 5.8652
2026-06-01, 8.59, 3.77, 8.3152, 29.352156538173, 13.1, 5.8172
2026-06-02, 8.58, 3.77, 8.28, 29.412156538173, 13.1, 5.84
2026-06-03, 8.57, 3.77, 8.2492, 29.454156538173, 13.1, 5.8268
2026-06-04, 8.56, 3.77, 8.236, 29.472156538173, 13.1, 5.8136
2026-06-05, 8.55, 3.77, 8.2272, 29.811156538173, 13.1, 5.792
2026-06-06, 8.55, 3.77, 8.2096, 29.895156538173, 13.1, 5.5788
2026-06-07, 8.55, 3.77, 8.2008, 29.877156538173, 13.1, 5.5632
2026-06-08, 8.51, 3.77, 8.1744, 29.814156538173, 13.1, 5.5401
2026-06-09, 8.51, 3.77, 8.15755, 29.739156538173, 13.1, 5.5159
2026-06-10, 8.53, 3.77, 8.1617, 29.739156538173, 13.1, 5.4906
2026-06-11, 8.54, 3.79, 8.2228, 29.742156538173, 13.1, 5.4653
2026-06-12, 8.54, 3.79, 7.90855, 29.739156538173, 13.1, 5.4389
2026-06-13, 8.55, 3.79, 8.3108, 29.670156538173, 13.1, 5.407
2026-06-14, 8.53, 3.79, 8.3064, 29.634156538173, 13.1, 5.3751
2026-06-15, 8.47, 3.79, 8.2536, 29.646156538173, 13.1, 5.3553
2026-06-16, 8.42, 3.79, 8.2228, 29.613156538173, 13.1, 5.3256
2026-06-17, 8.39, 3.78, 8.2008, 29.550156538173, 13.1, 0
2026-06-18, 8.39, 3.78, 8.1788, 29.895156538173, 13.1, 5.2849
2026-06-19, 8.35, 3.78, 8.15755, 30.048156538173, 13.1, 5.2673
2026-06-20, 8.28, 3.77, 8.13265, 30.060156538173, 13.1, 5.2398
2026-06-21, 8.29, 3.77, 8.1119, 30.024156538173, 13.1, 5.21
2026-06-22, 8.25, 3.77, 8.1036, 29.961156538173, 13.1, 5.185
2026-06-23, 8.27, 3.77, 8.2888, 29.850156538173, 13.1, 5.174
2026-06-24, 8.29, 3.79, 8.324, 29.763156538173, 13.1, 5.154
2026-06-25, 8.28, 3.79, 8.2888, 29.676156538173, 13.1, 5.124
2026-06-26, 8.26, 3.79, 8.2536, 29.601156538173, 13.1, 5.109
2026-06-27, 8.24, 3.79, 8.2404, 29.502156538173, 13.1, 5.0903
2026-06-28, 8.25, 3.79, 8.2668, 29.505156538173, 13.1, 5.1123
2026-06-29, 8.23, 3.8, 8.3592, 29.475156538173, 13.1, 5.2233
2026-06-30, 8.21, 3.8, 8.3064, 29.403156538173, 13.1, 5.2607
2026-07-01, 8.17, 3.8, 8.258, 29.307156538173, 13.1, 5.2684
2026-07-02, 8.14, 3.8, 8.2316, 29.196156538173, 13.1, 5.2596
2026-07-03, 8.09, 3.79, 6.9858, 29.065156538173, 13.1, 5.2497
2026-07-04, 8.05, 3.79, 8.1832, 28.949156538173, 13.1, 5.2343
2026-07-05, 8.03, 3.79, 8.17, 28.801156538173, 13.1, 5.0199
2026-07-06, 8.32, 3.81, 8.1451, 28.678156538173, 13.1, 5.0177
2026-07-07, 8.48, 3.83, 8.8403, 28.618156538173, 13.1, 5.0606
2026-07-08, 10.51, 3.84, 8.4912, 28.591156538173, 13.1, 5.0727
2026-07-09, 9.18, 3.83, 8.3944, 28.469356538173, 13.1, 5.0727
2026-07-10, 9.17, 3.86, 6.0516, 28.443256538173, 13.1, 5.0716
2026-07-11, 9.17, 3.83, 8.566, , , 
2026-07-12, 9.17, 3.8, 8.478, , , 
2026-07-13, 9.13, 3.79, 8.4252, , , 
2026-07-14, 9.12, 3.79, 8.3284, , , 
2026-07-15, 9.09, 3.78, 8.2756, , , 
2026-07-16, 9.09, 3.78, 8.2448, , , 
2026-07-17, 9.05, 3.77, 8.2228, , , 
2026-07-18, 9.08, 3.76, 8.2052, , , 
2026-07-19, 9.09, 3.8, 8.258, , , 
2026-07-20, 9.07, 3.8, 8.2844, , , 
2026-07-21, , , 8.2404, 27.566956538173, 13.1, 4.802